612
4 1 5 
6 1 7 
8 1 9 
10 1 11 
12 2 13 14 
15 2 16 17 
18 1 19 
20 2 21 22 
23 4 24 25 26 27 
28 3 29 30 31 
32 1 1 
33 2 34 35 
36 3 37 38 39 
40 2 41 42 
43 3 18 44 45 
46 3 47 48 49 
50 2 51 52 
53 2 54 55 
56 1 57 
58 5 59 60 61 62 63 
29 13 64 65 66 67 68 69 70 71 72 73 74 75 76 
77 2 78 79 
80 2 81 82 
83 1 84 
85 3 86 87 88 
89 2 90 91 
92 4 93 94 95 96 
97 3 98 99 100 
101 4 102 103 104 105 
78 2 106 107 
17 3 108 109 110 
111 9 112 113 114 115 116 117 118 119 120 
121 4 122 123 124 125 
118 2 126 127 
128 4 129 130 131 132 
133 2 134 135 
136 2 137 138 
139 1 1 
140 3 141 142 143 
144 4 128 10 145 146 
147 2 148 149 
150 2 151 152 
153 3 154 155 156 
157 3 129 130 131 
158 2 159 160 
161 4 162 163 164 165 
49 1 166 
167 2 168 169 
170 3 31 30 29 
171 1 124 
172 3 144 173 174 
175 3 176 2 177 
178 1 179 
180 3 21 22 181 
182 3 173 174 144 
183 1 1 
184 1 185 
186 1 54 
52 2 187 188 
189 3 174 144 166 
187 1 173 
190 4 191 192 135 134 
193 3 194 149 148 
125 14 184 195 196 43 197 198 199 200 201 202 203 204 205 206 
207 3 208 209 210 
211 2 55 54 
212 2 213 84 
214 1 215 
216 4 122 123 125 124 
217 4 218 8 219 220 
221 2 222 223 
124 20 196 43 197 184 195 224 175 225 204 226 205 227 206 228 200 201 158 202 199 198 
229 1 86 
230 2 231 232 
233 1 234 
235 4 163 165 164 236 
237 2 139 238 
138 2 239 240 
241 3 242 243 244 
93 3 245 28 246 
247 2 57 248 
249 3 123 122 124 
250 1 234 
251 1 252 
253 1 254 
255 3 256 152 257 
258 1 122 
259 3 31 260 29 
100 3 261 262 263 
62 3 122 125 124 
264 1 255 
265 2 234 54 
266 2 230 267 
117 2 268 269 
270 1 153 
225 3 83 271 272 
269 3 273 274 7 
48 3 166 275 173 
276 2 52 277 
278 3 123 122 125 
51 1 279 
280 2 281 282 
283 2 280 284 
285 2 122 123 
286 19 112 287 288 289 290 113 116 115 291 292 293 294 295 296 117 297 119 298 299 
300 2 98 301 
302 1 1 
303 1 144 
304 2 30 31 
305 2 306 307 
205 4 44 18 45 308 
114 1 127 
309 3 310 311 12 
119 3 312 313 314 
315 3 316 317 318 
319 4 20 320 155 154 
165 2 321 180 
322 4 323 42 324 41 
105 3 325 56 326 
327 3 30 260 29 
164 3 180 321 328 
329 11 291 293 330 292 112 331 290 299 120 298 297 
7 5 166 275 173 174 144 
332 3 144 174 166 
30 22 333 65 334 266 335 64 336 67 66 69 72 71 68 315 101 337 338 76 339 75 340 73 
341 4 342 343 344 264 
310 3 13 14 345 
346 4 347 348 319 349 
350 4 347 319 348 349 
330 4 351 352 353 354 
262 4 355 233 53 356 
272 5 357 84 358 213 186 
359 1 360 
5 1 17 
242 1 361 
362 2 24 25 
349 1 320 
358 2 55 234 
274 3 275 144 166 
363 4 364 258 171 365 
366 1 1 
367 4 106 368 107 369 
19 2 55 54 
370 1 307 
191 3 193 371 147 
372 3 373 374 375 
376 1 35 
163 1 328 
254 3 234 54 55 
256 2 377 327 
246 2 260 31 
378 1 31 
316 1 379 
380 5 381 382 383 384 385 
386 3 343 342 264 
387 3 280 388 389 
390 3 301 100 99 
391 1 1 
127 2 79 367 
392 2 393 194 
156 1 21 
130 3 350 270 394 
314 2 395 396 
344 1 150 
179 3 397 398 303 
399 1 400 
401 3 332 223 182 
402 3 30 31 260 
356 1 55 
68 3 363 403 404 
405 2 280 389 
406 3 407 408 241 
299 2 409 351 
317 1 410 
411 3 412 48 413 
267 3 414 231 232 
415 4 182 332 222 223 
374 1 397 
416 2 417 418 
273 2 275 173 
419 4 134 192 135 420 
421 2 29 260 
422 3 423 424 406 
425 2 426 11 
306 4 221 427 428 415 
37 2 209 391 
194 2 259 429 
430 2 46 431 
432 1 123 
268 4 189 274 433 273 
373 2 434 435 
436 2 12 310 
437 1 430 
438 2 406 424 
439 2 240 440 
441 2 93 94 
351 1 178 
2 2 442 254 
279 4 173 275 174 144 
443 3 51 444 277 
22 15 386 133 419 445 92 190 251 446 447 448 449 436 309 450 451 
452 2 31 260 
453 4 218 220 219 8 
240 2 37 39 
454 3 167 455 456 
389 2 282 281 
457 1 1 
458 1 234 
66 3 459 380 460 
382 1 432 
245 1 29 
461 3 86 87 88 
244 1 215 
59 2 124 125 
288 3 462 268 6 
463 2 464 5 
444 3 279 187 188 
13 3 465 466 170 
357 2 54 55 
467 3 468 469 136 
470 1 234 
64 2 380 471 
472 3 85 473 461 
106 1 474 
475 1 476 
477 3 29 260 31 
385 4 216 432 278 478 
479 2 22 21 
480 5 166 144 173 275 174 
9 4 260 29 31 30 
481 1 482 
483 1 362 
484 3 31 30 260 
485 2 469 468 
149 2 486 429 
110 2 479 487 
488 2 123 125 
132 3 350 270 346 
447 3 489 490 252 
408 3 491 243 242 
290 4 312 492 437 314 
74 2 471 380 
365 1 122 
195 2 493 160 
35 1 494 
495 1 424 
496 3 240 36 239 
379 2 89 497 
498 1 139 
492 1 499 
500 1 1 
81 2 456 167 
287 2 269 501 
336 1 316 
434 3 173 174 166 
65 4 502 403 404 363 
95 3 245 28 378 
503 2 238 504 
505 1 1 
109 1 487 
506 4 275 173 174 166 
63 2 123 125 
87 2 22 21 
409 1 507 
508 1 1 
151 1 484 
509 1 13 
260 7 75 337 65 333 336 335 315 
510 1 34 
511 2 34 35 
512 1 238 
513 2 514 515 
397 2 275 144 
209 1 1 
239 2 38 39 
210 1 1 
516 4 517 518 360 519 
478 3 124 125 122 
520 2 91 90 
521 2 522 307 
70 3 102 104 103 
514 3 516 523 524 
104 2 325 525 
371 3 393 148 149 
203 1 390 
76 1 103 
307 5 428 427 415 401 221 
424 1 407 
199 1 97 
526 3 219 8 218 
331 2 127 126 
60 2 124 123 
324 2 234 55 
39 2 527 210 
426 4 473 461 528 229 
75 2 529 530 
91 3 122 125 124 
340 1 104 
393 2 486 429 
466 1 260 
218 4 452 402 477 531 
532 1 1 
533 1 15 
534 2 280 388 
499 1 411 
451 1 12 
107 4 506 172 480 535 
120 3 276 50 443 
536 4 237 498 512 503 
301 1 262 
537 1 324 
538 1 1 
539 4 540 142 143 141 
271 2 358 84 
281 3 536 541 542 
312 4 499 395 396 430 
543 1 536 
47 3 166 173 144 
232 3 249 488 544 
369 3 480 172 506 
243 2 545 215 
530 3 418 417 546 
335 2 416 529 
547 2 510 511 
328 2 21 22 
548 2 549 376 
226 3 212 271 83 
504 1 1 
550 2 21 181 
293 1 6 
535 4 144 174 275 166 
551 2 552 136 
213 1 55 
398 4 144 174 275 173 
462 4 189 7 274 433 
96 1 245 
148 2 486 259 
84 3 234 54 55 
553 2 532 32 
518 1 554 
318 3 379 555 410 
339 3 556 530 529 
169 3 557 558 475 
11 5 85 473 461 229 528 
559 2 82 454 
429 2 29 30 
342 2 255 150 
71 2 318 560 
464 2 16 3 
557 3 561 476 500 
562 2 563 129 
474 3 275 173 144 
524 1 517 
460 4 381 383 384 382 
160 3 564 565 322 
563 1 346 
566 3 374 567 373 
94 2 246 28 
493 2 564 537 
568 1 1 
435 2 275 166 
427 1 223 
569 1 453 
570 2 264 343 
571 3 306 522 307 
126 2 78 367 
403 3 121 258 171 
448 2 509 310 
42 1 55 
67 4 363 403 572 502 
146 2 130 563 
523 4 360 519 518 517 
231 3 544 488 249 
360 3 553 554 573 
308 1 211 
574 1 306 
556 2 417 418 
575 2 362 576 
72 2 380 460 
45 4 211 577 19 265 
220 2 477 452 
446 1 489 
337 3 380 460 459 
578 3 538 505 494 
375 4 434 303 398 397 
355 2 234 55 
162 1 321 
579 1 1 
573 3 32 568 366 
137 2 36 239 
580 2 514 482 
440 1 207 
196 3 185 272 271 
515 4 581 359 516 523 
311 2 14 13 
227 1 493 
222 3 173 275 166 
473 2 88 87 
582 1 277 
377 3 31 260 29 
173 15 10 145 575 583 235 4 463 584 533 161 128 157 146 483 562 
200 2 2 177 
541 4 585 512 498 503 
261 4 356 53 470 355 
129 2 350 394 
476 1 1 
546 3 125 124 122 
586 1 479 
325 2 57 248 
583 3 362 23 576 
413 5 144 275 173 174 166 
502 2 171 121 
108 1 479 
587 4 143 142 540 399 
396 2 411 46 
201 3 176 177 253 
361 1 302 
588 1 455 
282 2 536 542 
321 2 21 22 
394 2 348 349 
166 9 584 589 146 425 590 562 575 145 235 
540 2 547 400 
487 2 21 22 
123 17 225 175 224 195 184 43 199 202 203 158 201 200 228 227 205 226 204 
400 3 510 33 511 
88 1 181 
465 2 260 30 
456 2 168 591 
61 2 125 122 
490 2 217 526 
296 1 492 
25 3 181 21 22 
581 2 519 360 
223 4 144 275 174 166 
86 2 181 21 
298 2 443 582 
445 3 94 93 96 
555 3 592 497 520 
263 2 233 470 
192 4 147 371 193 392 
348 1 156 
44 4 577 211 19 265 
549 2 578 34 
420 2 371 193 
73 1 102 
334 2 267 593 
289 3 443 276 582 
24 2 22 181 
594 3 552 136 469 
116 3 351 352 353 
202 2 97 595 
407 3 214 491 244 
154 1 181 
112 1 305 
459 2 382 383 
596 3 541 536 542 
388 3 543 596 281 
560 1 379 
507 3 373 375 567 
236 1 321 
414 2 249 544 
364 2 125 123 
215 2 302 597 
185 3 186 84 357 
404 4 364 171 121 365 
598 5 134 135 192 191 420 
599 2 12 509 
600 4 489 569 252 490 
174 11 161 157 146 483 425 562 590 145 575 235 533 
576 2 27 26 
31 23 67 66 65 334 333 336 335 64 266 76 339 337 338 74 73 340 68 72 71 70 69 101 315 
354 3 372 178 507 
122 18 206 227 205 226 202 203 158 200 201 228 199 198 197 43 195 184 175 225 
313 1 396 
38 4 527 208 209 210 
531 3 260 31 30 
501 3 433 189 274 
3 3 110 108 601 
159 4 40 565 564 322 
257 5 602 327 421 377 484 
597 1 1 
206 2 300 97 
494 1 1 
176 2 250 603 
134 1 392 
228 3 308 18 45 
0 3 329 111 286 
347 3 320 154 155 
115 2 77 127 
604 1 514 
605 2 423 424 
34 3 494 508 538 
572 2 258 365 
103 1 247 
591 3 557 558 475 
517 2 554 553 
606 2 252 490 
522 4 427 428 401 221 
592 1 91 
410 5 497 520 607 592 89 
525 1 58 
590 3 426 11 472 
528 1 88 
608 5 609 454 82 81 588 
90 2 123 122 
529 2 418 417 
82 1 456 
14 3 465 466 170 
455 1 168 
345 3 170 304 466 
589 4 236 165 164 163 
395 2 411 46 
177 2 250 442 
142 2 547 548 
188 4 166 275 173 144 
602 3 30 29 260 
595 2 301 98 
135 1 371 
297 1 77 
545 2 597 457 
208 1 1 
248 5 62 63 61 60 59 
554 2 579 366 
320 2 21 22 
471 3 384 385 382 
98 1 261 
558 1 561 
69 1 318 
295 2 269 501 
433 3 166 144 173 
198 2 253 176 
468 3 137 138 496 
384 2 432 478 
527 1 1 
577 3 55 54 234 
204 4 271 272 185 83 
609 1 455 
181 10 441 92 419 309 436 449 570 447 450 598 
275 17 4 235 583 145 575 10 590 463 533 562 425 146 483 589 128 161 157 
155 3 21 22 181 
381 2 216 478 
238 1 1 
323 1 55 
491 3 545 215 361 
168 1 475 
418 3 125 124 122 
291 4 521 370 571 305 
99 1 263 
41 2 54 55 
21 16 598 450 341 570 449 448 447 599 190 441 606 92 445 600 386 133 
27 1 21 
368 1 172 
412 1 174 
489 2 453 217 
561 1 1 
338 2 267 230 
54 20 481 405 485 539 422 387 495 534 559 467 594 283 140 513 604 608 80 605 580 438 
16 2 108 586 
55 15 539 610 485 587 387 422 559 594 604 513 140 551 438 580 80 
131 3 394 270 350 
428 2 222 332 
486 3 260 30 31 
143 1 547 
449 2 343 611 
26 2 181 21 
450 4 134 192 191 420 
219 1 402 
79 2 368 106 
603 1 55 
141 3 548 547 400 
542 4 498 512 503 585 
333 2 230 593 
145 1 464 
431 3 48 47 413 
469 2 137 138 
343 2 612 150 
326 3 58 248 57 
611 2 255 150 
252 1 526 
612 2 151 256 
102 5 325 56 247 326 525 
284 4 543 596 281 282 
423 2 408 241 
224 1 300 
417 3 123 125 124 
544 2 122 123 
497 2 91 90 
352 3 372 178 566 
519 2 553 573 
610 1 552 
113 3 305 571 574 
601 2 550 479 
353 3 507 372 566 
565 5 458 41 324 323 42 
442 1 54 
567 4 398 435 434 303 
607 1 285 
197 3 2 177 253 
234 9 485 534 467 481 587 513 604 608 495 
152 1 602 
383 4 432 216 278 478 
585 1 183 
482 4 524 581 516 523 
294 3 437 492 312 
57 3 60 61 63 
292 1 443 
564 3 42 323 458 
552 1 439 
584 3 15 464 5 
593 2 231 232 
277 2 188 187 
